260252047346974, 360095837456982, 9086018216578 @ 66, -174, 512
511477129668052, 548070416165820, 520727565082156 @ -386, -384, -322
358771388883194, 290970068566246, 208977773545854 @ 88, -82, 254
126687249998278, 281467449200748, 381838847917690 @ 156, -21, -138
387555897070204, 265423499409000, 234620593397299 @ -117, 7, 114
145889837538820, 320469908388792, 158376746448532 @ 115, -74, 173
285469538594908, 273084414160108, 460747259136580 @ -78, -9, -240
301609598923332, 172929143989132, 293135433361660 @ 61, 219, -30
229817261409244, 242103235132548, 256777324376932 @ -30, 30, 36
382702971099508, 294454989005628, 239623283981980 @ 48, -108, 159
111969515957356, 220272741325224, 317725858112722 @ 43, 47, -31
90289069003396, 245258021611553, 259665829177778 @ 51, 20, 29
366568689132052, 205845920382660, 271912507753744 @ -145, 109, 18
369483756415645, 215790550878981, 308658168996229 @ -130, 102, -54
152917073206179, 84582480192213, 55482823209615 @ 158, 280, 350
157397866670023, 428923425147576, 73579850554771 @ 72, -209, 272
166074202922500, 411443659961202, 363011578878524 @ 51, -182, -97
277210830950116, 407131182833676, 340081413006268 @ -139, -141, -51
145942723469704, 289582433881656, 267126826821304 @ 20, -26, 22
389134483297595, 147759339251644, 416281585968907 @ -82, 363, -414
426159794716196, 248693291783596, 361718270324092 @ -110, 98, -408
387893848712080, 181706705875368, 261036596589922 @ 31, 375, 69
126426169350884, 187536290962320, 219513137088695 @ 19, 79, 70
343166181618092, 199633553939308, 231799196307476 @ -76, 135, 98
235138717311314, 387012721138020, 205434095229918 @ -16, -161, 106
315625891701607, 165491367071694, 218784106578586 @ -144, 121, 81
271330638294580, 171541255868436, 268521824575300 @ -135, 92, 20
424686923963423, 281897041255143, 254210841267860 @ -76, -68, 119
93688515601738, 242329137681174, 269767489032676 @ 62, 24, 19
67587776544460, 183357916328832, 111857960290042 @ 283, 127, 261
331948173571088, 270722982954544, 351687526906556 @ 157, -7, -257
352470676644748, 332671425949248, 287702919128110 @ 59, -209, -31
247599705809380, 333127859125566, 260764308332614 @ 35, -108, 36
454698002076976, 277462093586392, 272732467591632 @ -66, -114, 28
45122854936960, 325949432759319, 29595337687738 @ 119, -64, 273
403002662832753, 274769599892843, 289255635828805 @ 134, -36, -90
429294653822626, 264498741759426, 274546373747347 @ -11, 37, 8
196825494522172, 505954558137936, 333984007658308 @ 5, -294, -59
274006998438343, 281081235786738, 291217987123435 @ -6, -23, -14
26648628553647, 155386233544350, 146761804230778 @ 110, 109, 141
424339894040782, 371038945638722, 278889968840950 @ 78, -864, -30
457791511206928, 272358933408118, 280884983012300 @ -105, -39, -97
357650740120948, 334335608049174, 276478724157094 @ -213, -72, 12
237477346723428, 257254357551772, 274363189195148 @ -23, 12, 14
173174548083564, 336615926081064, 415266853851384 @ 113, -104, -196
433283695168618, 281054067999568, 283465796369330 @ 6, -99, -70
52236708068029, 100788971188212, 70977698744893 @ 84, 163, 216
419166001161340, 245510568353508, 242333031846520 @ -51, 125, 180
235683583291548, 406147528170948, 261629963097260 @ -56, -164, 29
272588521797874, 321203815691115, 320463362203153 @ -47, -78, -52
203932032433365, 235048122017063, 276795664732395 @ 88, 50, 10
141505979676574, 271017889403242, 326616432258434 @ 48, -6, -46
358609967278201, 341674812676281, 260910661474888 @ 134, -298, 67
110696685128992, 280353226664823, 265441184192224 @ 199, -20, 27
194772690222964, 284181138262908, 340959700279324 @ -36, -20, -57
289355378574733, 277064192718978, 177942372212305 @ 144, -23, 264
181346847600192, 220241033014807, 322694340555640 @ 23, 56, -45
334057848707013, 358916197047778, 268201459807710 @ 26, -235, 29
383833004393356, 229653113084892, 398206940312860 @ -162, 73, -225
185728625658784, 175687210095414, 189638792764012 @ 159, 157, 159
183764600310148, 300838892114760, 373798669114558 @ -13, -39, -96
19354701540608, 200855895654253, 311919614592905 @ 223, 80, -32
397529491114050, 265344980349075, 282500734592930 @ 89, 22, -35
150730399919245, 327441705067513, 350689629709098 @ -24, -60, -59
351830206437526, 281179155071188, 306695621836660 @ -114, -25, -45
193310183351275, 298778882257743, 343589226835150 @ 106, -50, -95
263623225505308, 415667029132508, 548386368493280 @ -63, -193, -340
367545388131973, 483735180604063, 274591231934370 @ -120, -438, 13
285779995052130, 320031204638093, 200141577685477 @ -127, -60, 96
379319883891758, 294948043198878, 240066725940480 @ 62, -110, 157
284747679239167, 369856825930864, 258405302544755 @ -24, -169, 40
111472168943236, 240994318136455, 222819386069098 @ 51, 26, 69
384695710924300, 346492382256660, 286110844081396 @ 138, -414, -52
446707183997664, 402617204624103, 357795692211473 @ -289, -230, -128
146025596458637, 228412549072948, 281951949040916 @ -20, 35, 7
124218710583478, 211682826069954, 352093317377104 @ 102, 68, -83
256912286505080, 242934381017574, 232279023275898 @ 95, 49, 97
447100025339481, 231647581674146, 250823665971982 @ 50, 573, 357
189166438230076, 234540091993428, 197639351397020 @ 264, 70, 175
109499336519287, 191437282582394, 382761289911163 @ 156, 101, -132
387976394328904, 353502198589738, 550594297576684 @ -201, -135, -417
439947695940388, 299546815090236, 434476918204696 @ -213, -113, -576
426826058074393, 222928532958960, 287064685296862 @ 82, 423, -107
286331927511076, 293433866979432, 243263600000296 @ -69, -38, 58
282405825830251, 235517448577063, 341269109590007 @ 24, 60, -112
339201210668319, 263630396706723, 257091289022354 @ -26, 10, 53
142438328552498, 341611114469074, 362254088220432 @ 32, -84, -83
199487514274836, 273033963392952, 181280883715612 @ -49, -8, 111
220003197519889, 257635709574780, 270476406247768 @ -10, 11, 19
425230590137268, 263105645881268, 277926652722610 @ -37, 39, -12
349520190740203, 236350724857629, 217274490649315 @ -38, 76, 150
53805544593126, 188135360166680, 28236478797570 @ 290, 117, 380
159442932684024, 99056419722600, 377660901494652 @ -20, 166, -89
437985305187634, 279983675949036, 276882967133116 @ 5, -101, -17
365245200177382, 232843393505991, 269965133776552 @ 21, 118, 27
445467048517908, 298922607250084, 312965025875000 @ -133, -217, -275
293205488617132, 204550829516724, 391364981829892 @ -106, 78, -134
314143899708583, 255521009857758, 275067473424967 @ -8, 25, 12
407621929628228, 254270562289088, 255880095928540 @ -157, 38, 63
445893581436608, 319005578306188, 263909681840922 @ 17, -645, 142
316276033347061, 263305851291265, 285185139922902 @ -36, 8, -7
272024047849396, 310418417082302, 294119377911946 @ 195, -111, -39
439822662137629, 304224150688365, 336611859996022 @ -180, -164, -279
418137117118108, 193883857541268, 232445808143500 @ -153, 247, 151
275066320015663, 197436551236773, 254944012947265 @ -26, 108, 44
172927402070068, 51148482593268, 328931097171292 @ 57, 280, -57
449270439886924, 274923276513702, 278909614483840 @ 63, -86, -75
240483227536318, 334892273627198, 221494125016570 @ -39, -87, 81
319478594525944, 204908531114796, 180274797281512 @ 174, 211, 324
176005885386880, 271193232554595, 245406211077871 @ -49, -6, 42
74160415638206, 171041570771294, 307988846139402 @ 61, 93, -19
142933563830548, 190507398440868, 386584415696500 @ 23, 81, -107
69067105883278, 475025537710914, 153575920175368 @ 57, -203, 131
433405095404698, 257826640562802, 353885715276210 @ -123, 61, -415
316724956668508, 251442386315988, 369631175041732 @ 42, 40, -216
379863289408878, 418038741114912, 338910022343114 @ 32, -587, -242
160956147512977, 473129383401726, 130799797515973 @ 14, -231, 174
380699912839277, 239946459907974, 259622104530955 @ 160, 157, 90
328555183897063, 261786701109618, 292609561188730 @ 46, 17, -35
232859881347097, 31811085441715, 379689745903330 @ 6, 332, -135
404447157366358, 283017743638028, 278832680262080 @ 6, -69, -11
364517719195208, 418360738054328, 487007529256830 @ -139, -271, -368
299643058465672, 201594038322693, 93955941607817 @ 159, 190, 526
257345717958016, 339685066584756, 255111013865680 @ -42, -99, 40
180057362376514, 52302285112905, 357102074379577 @ 133, 342, -118
203970691172872, 86819229070221, 367387166479175 @ 111, 298, -140
426360087742733, 262031142974243, 286630769074435 @ -88, 38, -54
311177754519902, 372925373687843, 89609635179839 @ -11, -210, 382
362991742981468, 311560982254932, 252898621062328 @ -63, -107, 66
296573597236004, 224719551407756, 289423818792364 @ 101, 107, -24
393524833708948, 239592397653048, 256349284717276 @ -113, 80, 63
443479078073358, 279242856478603, 261532992579730 @ 29, -118, 165
249771575290064, 285073499047600, 354918325372724 @ 100, -34, -143
231286399515078, 242277424621522, 296717574699824 @ 22, 36, -19
86675892262392, 337725224594088, 313399669385562 @ 181, -95, -38
189557205874708, 309715658690428, 189905659836980 @ 39, -57, 125
404824049363635, 304241084345646, 370727931535915 @ -162, -91, -230
122755855350460, 247817594293476, 199787501956422 @ 231, 31, 134
257408956285321, 251509201406037, 276428878305615 @ 48, 28, 10
377835014682076, 375717388723728, 332019284465422 @ 71, -455, -234
179122138188786, 57976159435157, 247433609876336 @ -19, 222, 43
131165096554572, 276065005532966, 257546538448634 @ 71, -12, 34
312028148931800, 305345328575564, 356646394705329 @ -41, -69, -136
343903915993946, 142324232939944, 389942758043250 @ 104, 429, -380
381343334046868, 276668042570388, 287729619231960 @ 87, -35, -50
157837357281456, 424787095231278, 259859067674100 @ 125, -230, 35
375050689888512, 117476396624848, 307862897770116 @ -71, 405, -77
269404149399892, 531685013084856, 553956410303728 @ -117, -283, -283
378587071147541, 229293890906765, 306445035395956 @ 148, 204, -153
299495706475760, 291653987464988, 305324775916586 @ -11, -45, -44
296173970890117, 275079251466102, 239444012766553 @ 168, -19, 112
107603862021516, 248974332954192, 237305527405804 @ 29, 16, 51
261627365808599, 275030239505757, 241604433473801 @ 56, -14, 74
418578743455044, 340146611849820, 288955077554180 @ -157, -233, -35
296888553673609, 295805451518897, 272636516114234 @ 30, -58, 17
313142681183966, 335495338798711, 430076570935087 @ -67, -114, -246
228895566001444, 191299375053372, 278980790151952 @ -61, 83, 9
245610739020050, 275273028843688, 326896207685004 @ 110, -15, -89
71824981057092, 43920570835212, 204479384139964 @ 241, 319, 114
434821499622974, 274962934656868, 272882576434594 @ -19, -45, 21
377400385964533, 188320296393778, 251426859185030 @ -84, 209, 73
241165275256580, 168129516960140, 33021798279068 @ -29, 129, 331
141834587229076, 252089152234432, 104413889231828 @ 15, 14, 193
331949934030148, 174420420655508, 385939064824080 @ -45, 191, -215
402265676786649, 334257660856933, 294396738531160 @ -130, -190, -45
411728281632704, 259235705801182, 363781677728718 @ -121, 33, -299
296455010257918, 297963123001458, 232192319674722 @ -48, -50, 82
417679850754976, 250669320685028, 454374670482908 @ -192, 45, -449
28509374129166, 33225677080434, 444886806634038 @ 100, 226, -152
410139478376752, 296310151491432, 252018037705792 @ 104, -188, 166
272994257702758, 157222174983558, 153263643213865 @ 17, 193, 226
322155270337732, 188081478577932, 368590067129980 @ -135, 103, -110
413347361210877, 277885756530478, 257202436350338 @ 50, -55, 121
167387271582272, 216956134407396, 340728824064368 @ 149, 79, -91
265042615018508, 384312065458478, 401259928005385 @ -133, -115, -108
8525196082785, 318705221525096, 257730489767577 @ 164, -57, 32
434473347189754, 255463229743171, 303852672491578 @ -159, 62, -123
406839331301470, 220252255405944, 322853271357772 @ -130, 149, -137
229999879973204, 185932729404616, 210769868379484 @ 223, 188, 159
435356311410128, 300785590689108, 278143467186940 @ -136, -167, -9
160000261860828, 145783697055114, 298749555832226 @ 127, 178, -22
281299595237732, 193805609044620, 87745265681276 @ 88, 163, 424
214942250915014, 233729076694908, 269962713190708 @ -50, 35, 19
375067871279068, 139023805236348, 175860567749035 @ 155, 651, 504
287626726905742, 551949004075122, 70178398864742 @ -12, -494, 368
353361942964228, 304003764115788, 372642962428060 @ 139, -139, -377
224626708552138, 261433702622238, 394032104280460 @ -20, 6, -137
253192598783251, 139598168852450, 325510380262858 @ -54, 161, -51
149989568673907, 311719255647106, 328730670034853 @ 24, -51, -46
412930774946808, 276289688982028, 247122297911380 @ -22, -37, 153
101085902072264, 295889690107668, 225555111400572 @ 100, -35, 71
439565997787933, 245300219115653, 306394628548380 @ -204, 92, -113
164673266157390, 5606789398183, 333052342786080 @ 185, 440, -85
450677614132400, 249042067555392, 205318058844040 @ -121, 199, 675
429347285014672, 394459039393692, 318088240118248 @ -120, -617, -204
104900090362108, 319177113434748, 255219089095810 @ 27, -53, 33
191859374888596, 220827418401684, 302059358838640 @ -37, 47, -15
275494854387310, 294088149121466, 239987794041016 @ 54, -52, 81
196529153002196, 317373560393984, 476126067966699 @ -29, -57, -208
238614574858332, 250546956874252, 143129625805696 @ 49, 27, 228
359564904140299, 249794846714622, 356120896991680 @ 78, 69, -285
322218145613763, 257659380462708, 269441535304340 @ -44, 19, 23
340050262541317, 281412269205239, 374975512784479 @ -180, -18, -102
167529805923184, 274679769722514, 315138171652435 @ 71, -11, -40
338997880192948, 193002534480138, 240731348261620 @ 171, 286, 139
265443211856980, 146773871884216, 367083338119828 @ 159, 288, -207
440080960681708, 276167106658131, 313130033672797 @ -133, -42, -228
296249530975468, 130800635625868, 228969716827760 @ -9, 251, 97
365911643136904, 264270030969468, 362962654834012 @ 30, 15, -289
374534251529188, 282408576477168, 239277440283268 @ -173, -25, 71
454959846305028, 366822557602288, 246712572897280 @ -205, -706, 210
224583776148124, 544050635118624, 467209538746456 @ -55, -312, -202
216749136762548, 395451600794968, 84336190867900 @ -41, -148, 231
429600688814648, 238012010665476, 241305548942504 @ -68, 193, 214
174903776547418, 248011558280129, 223986634762965 @ 57, 24, 80
275087057056557, 220907472032932, 387195583149881 @ 20, 83, -188
306509296095583, 277304042488794, 223007218103449 @ -8, -19, 114
169998768568425, 203888135864971, 346013299344966 @ 110, 92, -91
284196913095691, 255167819794982, 292619067409723 @ -6, 21, -18
337307749623478, 383362695137898, 517704797307928 @ -88, -210, -427
287427768536280, 238380819726296, 334816249794888 @ -94, 36, -64
361348630503772, 357929577764676, 320849734330888 @ 65, -319, -154
435565556996708, 284369939742748, 270497559901500 @ -23, -124, 41
244536442087168, 293851858201728, 217770924234100 @ 100, -50, 121
458942400054260, 240651054123356, 286824736239358 @ -181, 323, -132
24685323460277, 209594130068392, 361765230018103 @ 170, 63, -84
248348669699828, 175775542456188, 475543260893900 @ -112, 88, -184
387691982568408, 515568006267247, 372961236446587 @ -233, -294, -102
274811300590453, 202140926475081, 27798293633833 @ 112, 148, 568
375641261333236, 212885887718226, 256049622939448 @ 131, 269, 99
347503995873073, 305383373919375, 290966632024522 @ -88, -74, -19
201256912879009, 305207655156478, 355642307024689 @ 54, -55, -102
324754170669430, 276799893521154, 273093070806478 @ -44, -18, 16
258961224554666, 297171881059276, 325117353506934 @ -80, -37, -46
449070505758187, 264483230686530, 246839549094586 @ -92, 53, 289
181293248100852, 221197724585944, 365537280925728 @ 155, 77, -139
148593244192656, 270148844447628, 266427056912151 @ -17, -5, 22
436692194782318, 272859781276548, 255305866370770 @ -174, -17, 96
263338515052890, 356894375105708, 243243754235652 @ 53, -165, 71
455577527471392, 241905362834440, 317481639208400 @ -102, 378, -580
370075365522980, 289083186054913, 292539031573265 @ 19, -70, -50
411659050132428, 257443136659324, 253344237006252 @ 22, 69, 133
382376913411294, 241392573719362, 274100487737157 @ -151, 53, 14
371398977583798, 199943205015228, 328599107521360 @ 13, 235, -173
95132638635994, 280415022478347, 161466437630434 @ 145, -18, 157
399347534845531, 165021285520902, 239103367538290 @ 28, 513, 185
425515104298308, 266648391487228, 262944219586580 @ -37, 17, 82
414097500293340, 279330657854165, 269402843152819 @ 43, -64, 42
422692690054814, 262272927036196, 283565409045144 @ 98, 63, -71
363470288588283, 281921445167868, 178197571629035 @ 112, -53, 404
311287285221820, 239609989151292, 219165860959468 @ -90, 41, 97
416496137502683, 248362644227943, 266210585648996 @ 92, 160, 71
251842295966779, 272899870139824, 257786292235853 @ -12, -9, 38
437521748023833, 268129947037833, 276488829122830 @ 32, 16, -15
289691518105993, 266456869243491, 285016249687858 @ 212, 6, -19
296004391588480, 217339674414301, 234647105515165 @ -129, 56, 60
86986863969982, 41476193140308, 405611175038842 @ 38, 215, -112
366109821876333, 198501852122183, 295292428183412 @ -58, 180, -41
453074543670367, 286028691063770, 267181381222372 @ -114, -183, 87
339336564536197, 441503114313885, 423436201298311 @ -172, -212, -166
447211513330612, 260354547440952, 291901728330100 @ -97, 86, -155
294112454126409, 187547424592063, 151112828326508 @ 110, 200, 319
437114327150624, 300115809385972, 268174434574468 @ 20, -303, 69
71077865007748, 250908661982152, 153144417138652 @ 147, 18, 159
201571092293566, 315667182923832, 403952659238746 @ -71, -49, -111
207485901780540, 258058398572092, 304694407931644 @ -26, 9, -21
346604146677672, 145318527855940, 464383098341956 @ -119, 207, -309
446624717332606, 302480574328938, 268358409268258 @ -120, -270, 58
240183990794544, 248239636700365, 295513897713243 @ -89, 18, -8
322594376517988, 302444328257858, 336112077985780 @ -45, -67, -105
433308188765446, 305271495468960, 244428731181064 @ 90, -383, 329
387037847729296, 181666721206302, 294167436916429 @ 79, 421, -84
442461534444658, 388942103331777, 533502631991707 @ -283, -202, -416
291171726300013, 257232749495847, 383699023126399 @ -38, 16, -164
161218736417716, 277249019038620, 281719175212828 @ -26, -12, 7
221079659499298, 380751764961848, 338717699623545 @ -51, -129, -58
276891834590108, 351897860987353, 144715729582180 @ -5, -142, 231
129549142095477, 248760879006853, 3260806794584 @ 68, 20, 331
284057822733188, 234042704760588, 265581103368860 @ 43, 67, 31
282948412739428, 229380012806508, 336235069008860 @ -12, 64, -91
144462336497566, 311284428310276, 307261076762692 @ 18, -49, -21
282152605151608, 246707674895148, 299389976473708 @ -8, 35, -29
248207347898418, 310949709878008, 213330684216555 @ -91, -49, 80
74129585145465, 271989410371970, 226670258895259 @ 100, -7, 66
195204344296560, 144916203025495, 175314529168529 @ 223, 246, 212
445694022102036, 265685041297404, 278474293402588 @ -134, 28, -21
356124573882414, 328021631981904, 240216543311590 @ -19, -161, 105
3823511042166, 352820981745532, 335608792939408 @ 166, -93, -51
213763366117663, 274787710785403, 350609871173045 @ -54, -10, -68
318496682533488, 307617273517798, 238964066863370 @ -115, -58, 64
236261913574409, 444532514407650, 164477802160809 @ 98, -323, 214
377117089960588, 558698655004116, 197724865007476 @ -148, -564, 162
183038197603048, 76472787650658, 238818213745165 @ -25, 201, 52
195952250575844, 270148844447628, 317497840385494 @ 83, -5, -51
133932189974788, 420967245338808, 457056312102620 @ 51, -176, -193
135279533226373, 332338648692273, 220209403493305 @ 204, -104, 100
43437060649708, 167146833139836, 248807909465956 @ 117, 103, 41
381580219540428, 528348381958764, 304224506914416 @ -223, -317, -22
373242883125355, 312355839528897, 126378714997459 @ -34, -132, 458
416945996292841, 290887199702151, 271179151339720 @ 126, -176, 35